-0.035186,0.000523
-0.016781,-0.010250
0.030635,0.002936
0.050281,-0.058045
0.042486,0.068387
0.009759,0.071080
-0.005459,0.071843
-0.016862,0.002626
0.032201,0.062800
-0.081375,0.049846
-0.070255,-0.028989
0.031429,-0.069326
-0.077165,-0.078124
-0.014565,-0.025119
0.014029,0.034592
0.058067,0.064303
-0.093307,0.060310
0.074108,-0.036419
0.011045,0.074931
-0.032897,-0.026043
0.049075,0.076199
-0.088009,-0.000232
-0.070373,-0.040280
0.011509,-0.006585
0.078068,-0.022538
-0.078763,0.015555
0.046794,0.034631
-0.010779,0.041320
0.008790,-0.003558
0.097268,-0.099227
-0.084607,0.003795
-0.060203,0.026204
0.079615,-0.054958
0.072182,0.022349
0.061220,-0.083756
0.067877,0.058459
-0.083130,0.044830
-0.015415,0.003654
0.052606,0.015655
-0.012212,0.028877
-0.010107,-0.010841
0.054587,-0.026972
-0.089995,0.003097
0.090809,0.011244
0.004451,-0.030470
0.091351,-0.010177
0.076246,-0.015067
-0.070731,0.008957
-0.030506,0.049728
-0.071348,-0.000147
0.032188,0.025501
-0.052105,-0.025318
-0.023935,0.034088
-0.031448,0.088731
0.095603,0.048007
0.076892,0.080365
-0.026486,0.042098
-0.085606,0.046632
-0.054682,-0.078756
0.022288,0.021983
0.009152,-0.072077
0.082439,0.062560
-0.037839,0.001134
0.005053,-0.090206
0.035414,0.030457
0.098659,0.027475
0.008383,0.054186
-0.036229,0.021830
-0.012369,-0.070992
-0.075434,0.048775
-0.098864,0.014107
-0.035747,0.075419
0.075872,-0.062991
-0.074185,0.051177
-0.067631,0.056603
-0.040368,0.035654
-0.028186,-0.066391
0.033971,-0.077581
0.011969,0.008683
0.008886,-0.013882
-0.010999,-0.007533
-0.032960,-0.036219
-0.050429,0.062844
0.053054,0.012054
-0.028416,0.056875
-0.003153,0.077961
0.077431,0.009914
0.096428,-0.041632
-0.007028,-0.084765
0.098192,-0.020358
0.057369,-0.001576
-0.061688,-0.000261
0.079153,-0.076175
-0.033934,0.077133
0.035681,-0.040645
-0.066358,-0.074084
0.046736,-0.046665
-0.049430,-0.007105
-0.038047,-0.051256
0.063571,-0.074410
-0.042351,-0.074027
0.053753,0.089479
-0.042135,-0.013380
-0.030305,-0.041429
-0.047640,-0.013346
-0.076216,-0.027267
-0.025280,-0.003393
0.039971,0.035918
-0.021112,-0.035547
-0.038450,-0.076746
0.081049,-0.010103
0.038593,0.071130
-0.049660,0.062273
0.036253,0.006690
0.025466,0.015779
0.049675,0.069403
0.050605,0.080028
-0.041604,-0.035830
0.042359,-0.069562
0.000650,-0.017465
-0.026986,-0.009482
0.075479,-0.096952
0.068926,-0.006135
-0.029369,0.068888
-0.078998,0.052624
-0.039244,0.028289
0.030102,0.017428
0.020882,0.040657
-0.000579,0.016099
-0.087139,0.020745
0.061336,0.055424
0.029818,-0.032382
0.008233,-0.002191
0.065089,0.078757
-0.029987,-0.036044
0.089552,-0.087573
-0.098297,0.049520
0.074167,-0.038163
0.086350,-0.076985
0.070886,-0.033615
0.019358,0.009094
-0.036765,0.044594
-0.032397,-0.022818
-0.050268,0.086355
0.093096,0.051719
0.064679,0.040474
0.045797,0.097661
-0.043041,0.056032
0.025729,-0.070328
0.033224,-0.019935
0.019571,0.087950
-0.004463,-0.060955
0.048065,-0.030572
0.076231,0.090669
0.002634,-0.069266
0.039573,-0.084192
0.038702,-0.039766
0.007038,0.048116
-0.069552,0.049113
-0.012975,-0.024397
-0.021648,-0.047854
-0.073067,0.050929
0.055722,-0.003656
0.000354,0.017867
0.096872,-0.069711
-0.065044,0.041248
-0.010393,-0.051688
-0.024624,0.028875
0.019887,0.008268
-0.029093,0.073059
-0.068734,0.057148
-0.068286,-0.039307
-0.010722,-0.052931
0.013118,0.025191
-0.002332,0.070467
-0.016283,-0.055356
-0.020240,0.004892
0.074506,-0.004629
-0.088046,-0.001522
0.025241,0.024633
-0.098316,-0.055020
-0.044201,0.046036
0.091184,0.017622
-0.051816,-0.030849
-0.057902,-0.030070
0.052977,0.032271
-0.069292,0.083420
-0.089847,-0.075730
0.043173,-0.052579
0.037885,0.022254
-0.046910,-0.067215
0.009682,0.032921
-0.048992,-0.087507
0.040672,-0.099400
0.054668,0.018027
-0.019534,-0.002864
-0.066181,0.047093
0.098242,0.059471
-0.086905,-0.089049
-0.009478,0.015118
-0.015704,0.098075
0.089774,0.077814
-0.024691,-0.073112
-0.002697,0.052374
-0.030697,0.018314
0.023271,0.093285
0.034760,-0.010506
0.072741,0.016487
0.062904,0.011962
-0.052934,-0.098271
-0.000209,0.050669
0.009432,0.017742
-0.090747,0.032180
-0.085437,-0.014000
0.084764,0.028875
0.050405,0.051999
0.071738,-0.000621
0.088560,-0.062004
0.095578,0.080543
0.044164,-0.052663
-0.078919,0.047775
0.032871,0.027071
0.024315,-0.007352
-0.022422,-0.047010
0.027293,-0.040988
-0.024644,-0.046052
-0.085147,-0.071673
0.092017,-0.029664
0.057707,-0.081522
-0.039680,-0.063004
-0.062336,0.087258
0.062920,-0.034513
0.083156,-0.036513
0.032232,-0.018168
0.025541,0.019922
-0.038285,0.034175
0.073056,-0.014010
0.026799,-0.011475
-0.052605,0.078204
-0.084326,0.039817
-0.057012,0.043742
-0.039929,-0.051132
0.050781,0.028228
-0.061338,0.028422
-0.090696,-0.097808
-0.013148,0.035815
0.009073,0.026825
-0.024821,0.049839
-0.036683,-0.064255
-0.074449,0.085774
-0.007298,-0.073024
0.073067,-0.080968
-0.025926,-0.013100
-0.043403,0.066277
0.012051,-0.066753
-0.052222,0.075102
-0.031016,-0.039761
0.025233,0.016683
-0.061852,0.009842
-0.051326,-0.000642
-0.049309,-0.053876
0.042549,0.031092
0.075697,0.000290
0.004727,0.036227
0.032441,0.022417
0.059574,-0.045521
0.066589,0.061732
-0.015043,0.074394
0.043044,-0.071317
0.005390,0.006697
0.057342,0.033397
-0.044617,0.037264
0.092555,-0.018788
0.045750,-0.016604
-0.028019,-0.076253
0.063147,-0.025951
0.095304,0.020329
0.001594,-0.071614
-0.052239,-0.062186
0.089656,-0.049778
0.065488,0.041650
0.093449,-0.004478
0.046413,-0.073319
0.035412,-0.025037
0.050976,-0.027811
-0.079017,0.052854
0.029962,-0.008168
0.001952,-0.001873
0.001816,-0.069701
-0.030668,-0.007939
0.016050,0.021901
-0.086845,-0.093232
-0.025513,-0.031996
-0.076507,-0.035641
-0.070335,-0.032035
0.074768,-0.000317
-0.090768,-0.063979
0.052687,0.047658
0.069482,0.001760
0.053113,-0.020537
0.023955,0.022341
0.035271,-0.065055
0.078561,-0.046485
0.052599,0.030291
0.071464,-0.022600
-0.013346,0.040776
0.010133,0.037429
-0.054283,-0.063747
-0.008422,0.041896
-0.036572,0.057328
0.084338,0.073816
-0.046502,0.067071
-0.062418,0.061842
-0.095464,0.043420
0.001422,0.030455
-0.004029,-0.023210
0.094775,0.050998
-0.041607,-0.066331
-0.003120,0.053158
0.027480,0.002186
0.076363,-0.030285
-0.021964,0.065424
0.067201,0.033115
0.056870,0.086407
0.029631,0.045282
-0.058023,-0.089058
0.034920,-0.083511
0.020930,0.058053
0.065143,0.052907
0.077133,0.021239
0.054148,-0.025043
-0.090263,-0.029813
-0.091562,0.049802
0.067564,0.061454
-0.046113,0.024386
-0.061779,0.071854
0.005838,-0.048526
0.016665,0.009100
0.015445,0.076616
0.029190,-0.007896
-0.043933,0.051085
-0.023223,-0.064411
0.074537,-0.078822
0.042852,-0.072395
0.040672,-0.014194
-0.069957,-0.069604
-0.056344,-0.027284
0.052465,0.033844
0.042801,0.046130
0.040142,0.017660
0.005074,0.028439
0.036190,0.012182
0.063274,0.045015
-0.020751,0.024733
-0.090058,-0.040167
-0.016142,0.071721
0.033618,0.066670
0.024508,0.061073
0.060551,-0.095119
0.035091,-0.066409
-0.046725,-0.023935
0.072649,-0.020563
0.034347,-0.030947
-0.093581,-0.081557
-0.029046,0.098471
-0.041042,-0.063391
-0.068019,0.076166
-0.027892,-0.050971
0.073264,0.021124
-0.011091,0.079525
-0.057614,-0.061086
-0.003303,0.006819
0.028024,0.013465
0.026486,-0.026216
0.092453,0.032469
0.061499,-0.010349
-0.043538,-0.044751
-0.001136,-0.053928
0.049826,0.006284
-0.014074,0.032726
-0.056367,-0.052877
0.055542,-0.046922
0.082757,0.004053
-0.004170,0.063955
-0.046434,0.062385
-0.033166,-0.099582
0.015539,-0.097830
0.082752,-0.021558
-0.011724,-0.025933
0.075385,0.023010
-0.045392,0.066250
0.079900,-0.084208
-0.000486,0.045979
-0.068374,-0.062763
0.041449,-0.025761
-0.004801,-0.039940
-0.036200,0.029502
0.080234,0.046060
-0.063661,0.003795
-0.064421,0.036093
-0.041287,-0.075314
-0.078643,0.061305
0.060398,0.021634
0.042560,0.074800
-0.041893,0.002083
-0.089552,0.078902
-0.080689,-0.043139
0.002241,0.010786
0.043212,0.016425
0.007514,-0.057102
-0.013817,-0.016727
-0.047707,-0.024645
0.084297,0.001663
0.037733,-0.012136
-0.037698,-0.010594
-0.008273,-0.020371
-0.058553,0.056746
0.045400,-0.030334
0.002666,0.016002
0.037891,-0.060748
0.020539,-0.072531
-0.058075,0.042675
-0.007226,-0.066611
-0.065526,0.052204
0.070473,-0.031008
0.097922,0.020826
0.055272,0.006863
0.070585,0.046967
-0.013426,-0.025179
-0.046284,-0.048591
-0.040408,-0.020444
-0.028874,-0.058471
-0.050718,-0.020961
0.008748,0.034569
0.022397,-0.052724
0.097826,0.017869
-0.034162,-0.052749
-0.050987,-0.002274
-0.039071,0.025807
0.037709,-0.032738
-0.041641,-0.022172
-0.071406,-0.075588
-0.064461,0.072843
-0.070058,-0.092213
0.089995,-0.071156
0.084038,-0.019824
-0.011549,-0.059099
0.033475,0.037589
0.057844,0.035857
0.033865,0.003788
-0.091213,-0.015210
0.024465,0.016083
0.021083,-0.017009
-0.079697,0.027384
-0.099754,-0.062563
-0.087470,-0.098869
-0.078911,0.009325
0.015898,0.065816
0.016033,0.024663
-0.067401,-0.026625
0.082851,0.092992
-0.043455,-0.097614
0.092779,0.015255
-0.002352,0.067912
0.006410,-0.050378
-0.040445,-0.037585
0.037931,0.027315
-0.019501,-0.088186
0.054331,0.041083
-0.084815,-0.027380
-0.064896,0.090173
0.080300,-0.094431
0.078501,0.007626
0.081215,0.024389
-0.038248,0.094813
0.082997,0.056262
0.030056,0.016883
-0.039987,0.024970
0.067827,-0.009813
0.015933,0.003960
-0.026448,-0.038564
0.047462,-0.022640
-0.087277,-0.084127
-0.015149,-0.001382
0.021530,0.018668
-0.002384,0.091521
-0.044577,0.032718
-0.027843,0.061114
0.066801,-0.001925
0.063839,0.010825
0.075463,0.099445
-0.012000,0.090683
-0.070534,-0.061818
-0.049907,0.069563
0.074537,0.054596
0.041330,-0.085899
-0.024599,-0.002977
0.007945,0.062294
0.054004,0.025336
0.020185,0.034004
-0.081087,0.068166
0.024614,0.074549
0.012446,-0.026234
-0.043020,-0.035864
0.054015,0.090178
-0.023653,-0.043478
0.021880,-0.069875
-0.064395,0.038459
-0.068990,-0.079975
-0.013516,0.064620
0.035789,0.059427
0.076979,-0.056399
-0.032669,0.018586
0.069997,-0.029149
-0.092124,-0.034785
0.058752,0.039478
0.049180,0.050961
0.006415,0.033045
0.071443,-0.070864
0.094392,-0.005938
0.092593,-0.053816
-0.084368,0.017624
-0.030842,-0.025087
0.058905,-0.058458
0.086714,0.001044
-0.013106,0.073479
0.021211,-0.014635
0.039363,0.037688
-0.051232,-0.011865
-0.021618,-0.055641
-0.053123,0.004434
-0.043817,-0.032899
-0.076853,-0.009068
-0.063961,0.079989
-0.021384,0.097473
0.097512,0.027958
0.064361,-0.019800
-0.014934,0.099826
-0.029787,0.047014
-0.037422,0.065360
0.048098,0.087645
0.006277,0.000013
-0.021708,0.015487
-0.053613,0.038165
-0.038530,0.078511
-0.080640,-0.000748
0.069349,-0.059387
0.044684,0.078444
-0.001888,-0.060462
-0.011723,0.042518
-0.039917,0.068750
0.032875,-0.056529
0.019624,-0.003670
-0.018711,0.096916
-0.094588,0.056696
-0.071746,0.058490
-0.055014,-0.071070
-0.071220,-0.064527
0.000904,-0.052612
-0.015305,-0.001009
0.055080,0.042090
0.044191,-0.013618
-0.036353,0.028491
-0.036121,0.031410
-0.021972,0.087778
0.073497,0.061766
0.039315,-0.066612
-0.070127,0.053156
0.028110,-0.010101
0.089429,0.001169
0.099219,-0.096489
0.018808,-0.042758
-0.099724,0.094162
-0.087150,-0.074346
-0.033659,0.038764
0.072927,0.023625
-0.023200,-0.052421
0.025311,-0.038802
0.040743,0.050528
0.053560,-0.036725
0.017395,-0.029763
-0.073578,0.060638
0.029459,-0.051817
-0.097673,-0.074337
0.028859,0.034727
-0.051295,0.029593
-0.081052,0.003384
-0.027651,0.046341
-0.085443,0.002436
-0.085017,-0.007314
-0.094942,-0.002384
-0.096425,-0.082128
0.041239,0.019076
-0.075799,-0.015749
0.035871,-0.074038
0.054874,-0.064461
0.027122,-0.040511
0.058675,-0.091668
-0.092353,0.067201
0.000049,0.069825
-0.009627,0.051791
0.007853,0.042668
0.044550,0.096701
-0.042102,-0.039356
-0.023893,-0.003726
-0.025633,0.044825
0.002135,-0.075190
0.045936,0.070457
-0.023228,0.015456
0.043249,-0.049188
-0.037454,-0.086755
-0.091429,0.013304
0.099570,0.079514
0.099759,-0.043363
0.074534,0.002476
0.009306,-0.009540
0.094917,-0.060390
0.025278,-0.015224
-0.043373,0.011919
0.077553,-0.024170
-0.037314,0.022119
0.053234,0.000555
-0.082628,0.001485
0.021947,0.084626
-0.089592,-0.019940
0.077179,-0.035028
-0.021843,-0.057866
0.007452,0.043415
-0.098539,-0.003220
-0.091569,-0.058818
0.004711,0.056643
-0.004861,0.070015
0.003145,0.020326
-0.079901,-0.045269
0.052164,0.060926
0.028644,0.015969
0.014768,0.005375
-0.033514,-0.044297
0.095527,-0.075266
0.010245,0.056410
-0.089133,-0.009094
-0.082131,-0.074594
0.073534,0.031266
0.001382,0.028381
-0.023459,0.096608
0.025638,-0.065360
-0.057690,-0.014949
-0.014315,0.003389
-0.000457,-0.056364
0.023768,-0.061422
-0.054063,0.006407
0.051674,-0.030454
-0.055664,-0.026399
0.025496,-0.047007
0.001419,-0.024115
0.014037,0.013497
-0.042367,-0.053060
-0.034134,0.011016
-0.036212,-0.092293
-0.041267,-0.013966
-0.078159,0.044217
0.011984,-0.065516
-0.066197,0.034418
0.081230,0.012722
0.010808,-0.080689
0.013520,0.096058
-0.030853,0.044861
-0.070137,0.060234
-0.029589,0.001992
0.009910,0.067836
-0.014190,-0.012486
0.024300,0.028786
-0.045214,0.083921
0.060764,0.032950
-0.040776,0.060882
0.056637,0.077364
0.044194,-0.077897
0.085567,0.035822
-0.061783,-0.015795
-0.000802,0.047874
-0.022369,0.025763
0.039713,0.061666
0.003182,0.033997
0.092854,0.058859
-0.044648,-0.011342
0.056331,0.072421
0.002088,-0.068323
-0.071496,-0.029107
0.019493,-0.032091
-0.049821,-0.001189
0.071492,-0.087998
0.091690,0.038569
0.003405,-0.040831
-0.006939,0.021911
0.077094,-0.074942
0.000772,0.077257
0.038478,-0.044656
0.086457,0.016387
-0.022807,0.022046
0.093713,-0.060155
0.038704,-0.043767
0.036863,-0.040433
-0.081400,0.081753
0.076584,-0.010038
0.022189,0.088972
0.011656,-0.005830
0.014332,0.049652
-0.082340,-0.039246
-0.034162,0.033985
0.063297,-0.093507
-0.078176,0.002017
-0.047811,0.016611
-0.009050,-0.047415
-0.065352,-0.084217
-0.089450,0.057387
0.088054,0.006108
-0.085268,-0.048520
0.075761,0.021495
0.000867,0.058781
0.088075,-0.063838
-0.069551,0.075501
-0.080427,0.056586
-0.059796,-0.097378
0.067948,0.025175
0.049920,0.011413
0.020021,0.023492
0.041302,-0.010164
-0.029164,-0.012672
-0.050575,0.071844
0.096617,0.042292
-0.000629,0.099415
0.039737,-0.056266
0.000908,-0.013436
0.064057,0.067952
-0.049235,0.094814
-0.079501,0.064370
0.085991,-0.079944
0.000798,-0.061780
-0.070173,-0.080401
0.018151,-0.004291
0.099660,-0.094522
0.099185,-0.063276
-0.071476,-0.001094
-0.008924,0.081268
0.084640,0.058589
0.098111,0.038994
-0.000913,-0.022137
-0.003577,-0.087681
0.005287,-0.006976
0.090064,0.053341
0.085507,0.080525
0.023924,0.089029
0.070115,-0.058741
-0.055551,-0.084570
0.048011,-0.072199
-0.057493,0.021447
-0.037839,0.023817
-0.014997,-0.043494
0.028907,0.074344
-0.041265,0.074311
-0.059255,-0.046149
-0.027636,-0.056421
-0.001249,0.007388
0.075769,0.018525
0.037909,-0.010327
0.032455,0.085501
0.011753,0.079547
0.042404,0.063179
-0.053699,-0.078773
-0.053239,0.092294
-0.093123,-0.009377
0.065336,-0.025587
0.088276,-0.037628
-0.042767,0.045735
0.085272,0.023159
-0.081680,-0.095644
0.061636,0.006657
0.083911,0.048709
0.012302,-0.009755
0.042150,-0.085261
0.030698,0.072481
0.011258,0.035935
0.024054,-0.042049
0.050006,-0.038046
-0.017212,-0.052376
-0.069211,-0.089443
-0.043454,-0.077257
-0.072512,0.057602
-0.038372,0.055429
0.027671,-0.034241
-0.064192,-0.090106
0.011045,-0.059089
-0.015727,0.016996
0.078214,0.027314
0.072100,0.076439
0.047878,-0.092317
-0.012768,0.028131
-0.094319,0.074847
0.077124,0.072856
0.010976,-0.029911
0.084085,-0.052229
-0.049303,0.081035
0.083764,-0.073237
-0.050475,-0.047647
-0.030061,-0.012545
0.099474,0.033654
0.084241,0.022614
0.069237,-0.036555
0.028777,-0.031791
0.015551,0.047478
0.043883,-0.093774
-0.010665,0.071582
0.047111,0.001827
0.060136,-0.021536
-0.003155,0.027869
-0.098661,-0.030383
0.021719,0.041353
-0.088614,-0.013682
-0.099985,0.013261
-0.052289,-0.074177
-0.018174,-0.050047
-0.024935,0.055528
0.085844,-0.082287
-0.010412,0.060083
-0.009584,-0.095862
-0.025318,0.057559
0.046722,0.076594
0.028329,-0.056016
0.092826,-0.068358
0.079036,-0.087077
-0.011335,0.033089
0.034939,0.044305
-0.066004,-0.004007
0.069178,0.049865
0.096415,0.011486
0.081274,0.022885
0.061329,0.030911
-0.000641,-0.087058
0.030569,0.060103
0.026838,-0.031669
0.004070,-0.053463
-0.022279,-0.049117
0.033622,0.060674
0.000966,-0.048802
-0.010064,-0.048505
-0.023901,0.016804
0.016507,-0.012029
-0.020150,-0.077535
0.088291,0.082579
0.097153,0.021972
-0.017340,0.017170
0.016314,-0.064421
0.040734,-0.095861
-0.023377,-0.016363
-0.050687,0.040143
0.059295,0.006717
-0.002059,-0.033658
0.077965,-0.010903
0.066558,-0.046811
0.077452,0.091916
-0.026738,-0.005073
0.068656,-0.052779
0.068795,-0.084761
-0.037161,-0.007631
-0.002400,-0.032175
0.084882,0.070790
-0.020432,-0.044471
-0.010697,-0.047325
0.035913,-0.030413
-0.020220,-0.011934
-0.001765,0.008347
-0.036412,0.036366
0.099173,-0.006220
-0.068846,-0.078403
0.016655,-0.074201
0.038846,-0.053346
0.061164,-0.095154
0.072506,-0.060714
0.070110,-0.001360
0.007368,-0.097248
0.086833,0.030909
0.074434,-0.026476
0.030490,-0.033270
-0.065299,0.060790
-0.011589,0.037166
-0.003962,-0.008015
0.074518,-0.004515
0.017309,0.085669
0.076674,-0.004457
0.087678,-0.050228
-0.005520,-0.027209
-0.052954,0.066717
-0.051862,0.055420
-0.039296,0.036890
0.022645,0.009803
-0.071931,0.068237
0.093233,-0.003527
0.022645,0.020593
0.061514,0.052880
-0.052461,0.020217
-0.022919,-0.071894
0.068330,-0.018162
0.006308,-0.051365
-0.033263,-0.004531
0.017134,-0.038260
0.026592,-0.082512
-0.022373,-0.013870
0.074424,-0.085694
-0.036126,0.017689
0.085903,-0.045711
-0.044465,0.088196
0.014621,0.040462
0.045800,-0.026850
0.092546,0.059664
-0.008235,-0.061489
0.079361,0.094617
-0.096427,-0.051034
-0.097831,-0.082559
0.029757,-0.069920
-0.086052,-0.033831
0.098136,-0.096697
-0.069665,-0.037742
-0.002918,0.048856
0.053573,0.060403
-0.055963,0.078580
-0.044416,0.082298
-0.008357,0.026914
-0.056998,0.073842
0.070468,0.092778
0.014615,0.006653
-0.087496,0.016929
0.026514,0.053339
0.054051,-0.064663
0.080827,0.048042
-0.096791,-0.003864
0.018904,0.011869
0.034450,-0.013602
0.058613,-0.046241
0.019044,0.026888
0.075048,-0.041509
0.033908,-0.060549
0.097373,-0.058105
0.007825,0.005412
0.013695,0.005701
0.040597,0.065125
-0.045736,-0.098192
-0.054257,-0.082036
-0.000084,-0.004398
0.038626,-0.018912
0.061632,-0.053616
-0.016592,0.037864
-0.077054,0.010810
-0.084444,-0.095356
0.082051,-0.024097
0.053916,-0.095707
-0.013527,0.059614
-0.083870,-0.067210
-0.052824,-0.063875
0.051690,0.031575
0.092103,-0.011776
0.088895,-0.069174
-0.020694,-0.038017
0.085218,0.051912
0.021499,0.042732
0.072838,-0.083213
0.059169,0.067997
0.001356,0.098750
-0.075009,0.027928
0.047754,-0.059106
0.024375,0.035237
-0.055873,-0.042701
-0.074853,0.089253
0.054173,0.031122
0.050327,-0.044815
0.022471,0.072756
-0.076047,0.095434
0.073156,0.061231
0.010168,0.037903
-0.095796,0.053648
0.017981,-0.071560
0.059070,0.052804
-0.037066,0.048497
0.044846,-0.040827
0.063390,0.081435
0.016933,0.023705
-0.083357,-0.000065
-0.065818,-0.053613
0.087920,0.067118
-0.017566,-0.052937
0.037160,0.037472
0.028925,-0.080953
-0.024209,0.055338
0.037749,0.020612
0.015159,0.091125
-0.041467,0.016155
0.048463,0.038274
0.044224,-0.058705
0.031504,-0.023855
0.098878,-0.003430
-0.071147,0.043994
0.037285,0.035198
0.039505,0.023353
0.056450,-0.054076
0.082925,0.037269
0.039388,-0.098609
-0.078043,0.047361
0.091172,0.020244
0.074451,-0.030978
0.004317,0.024274
-0.029209,0.058389
0.067598,-0.028253
-0.066041,0.059248
0.087290,0.078665
-0.099652,-0.077302
0.099564,-0.007834
-0.022051,0.092046
0.083800,-0.010340
-0.046612,0.093895
0.097077,0.055933
0.050274,-0.013015
0.059702,-0.065494
0.053731,0.018745
0.007150,-0.052626
0.046203,-0.017112
0.036671,0.056880
0.023696,-0.073383
-0.070046,-0.067736
0.098798,0.089684
-0.040697,-0.022434
0.081045,0.031107
0.017157,0.065898
0.054090,0.008809
0.078788,0.005180
0.038556,-0.022900
-0.093664,-0.098502
0.078400,-0.022703
-0.062162,0.067107
-0.042106,0.050174
0.082456,0.085991
0.054425,-0.011234
0.085624,-0.010103
0.072477,0.029975
-0.032713,-0.048997
0.054439,0.013816
0.046935,-0.009889
0.036521,0.093822
-0.052990,-0.007240
-0.036661,0.025332
-0.021915,0.070797
0.000768,0.054677
0.047063,0.087512
-0.008297,-0.019042
-0.018199,0.015511
-0.099529,0.087581
0.015755,0.029245
-0.003862,-0.043898
-0.044610,0.089341
0.027601,-0.079217
-0.087993,0.002066
-0.017124,0.007828
-0.005078,-0.087678
-0.018967,-0.097225
-0.089132,-0.001587
0.036020,-0.097370
0.089637,0.049961
0.000184,0.025633
-0.022975,-0.045152
0.031889,-0.059767
0.027779,0.033420
0.036415,0.064617
0.080987,0.067790
-0.040280,0.070444
0.008432,-0.086378
-0.035259,0.033095
-0.040898,0.018913
-0.065988,-0.005884
0.091789,-0.081311
-0.001763,-0.026755
0.047486,0.045237
0.075563,-0.068724
0.060489,0.015286
0.068908,0.027893
-0.084987,-0.011681
0.079536,0.061296
-0.045902,-0.090996
0.022812,0.035097
0.078590,0.041340
0.089920,-0.007455
0.006831,-0.043377
0.070568,0.054035
0.085303,0.058401
0.069731,0.015588
0.067304,0.091537
0.022380,0.072897
-0.056979,0.050377
0.030250,0.043147
-0.062492,-0.073657
-0.043227,-0.026267
-0.095611,-0.053252
0.007983,0.008445
0.056697,0.098334
-0.053437,0.012900
-0.041287,0.072732
0.004253,0.030428
0.090994,0.082638
0.068741,0.060256
0.060914,0.006241
0.061662,0.096924
0.010372,0.021461
-0.027389,-0.018776
-0.001951,0.055237
-0.066831,0.036056
-0.049539,0.037552
0.032886,-0.067392
0.066900,-0.073020
-0.014689,-0.074574
0.029274,0.057239
0.081151,0.058742
0.030616,0.057613
-0.018931,-0.053744
0.039397,0.003670
-0.000217,-0.071639
-0.071389,0.005635
0.036497,-0.043618
0.052511,0.010705
0.096804,0.055953
0.092933,0.013685
0.061692,0.012918
0.076319,0.083558
0.059522,0.016838
-0.071899,0.051146
-0.002316,-0.059666
0.027971,-0.002676
0.071815,0.013690
-0.036783,0.039853
-0.040027,0.070036
0.054645,0.063074
-0.056009,-0.085201
-0.084538,0.013353
-0.031579,-0.024861
-0.076222,0.061952
-0.040006,0.022530
-0.083550,0.036217
0.018963,0.070006
0.058068,-0.026883
-0.004141,0.028890
-0.006789,0.064987
0.071171,0.022873
0.039143,-0.094340
0.093409,0.031035
0.087708,0.012529
-0.060693,0.046680
-0.021665,0.014048
0.053518,0.040125
-0.008041,0.005782
-0.014747,-0.032911
-0.070625,0.036123
0.083167,-0.040438
0.099877,-0.048412
0.019099,0.000860
-0.091588,-0.041121
-0.029774,0.025288
0.087557,0.028549
-0.070293,0.093526
-0.095503,0.092304
-0.054260,0.065624
0.017617,0.007454
0.082291,-0.066494
0.044760,0.029480
0.007961,-0.028737
0.063625,0.047240
-0.032970,-0.025964
0.048399,-0.097099
0.004205,-0.089110
0.063840,-0.054894
-0.065996,-0.053768
-0.015204,0.037248
0.017523,0.062895
-0.051310,-0.077764
0.064154,0.009335
0.045853,0.005070
-0.047813,-0.012395
0.010825,0.036142
-0.003019,-0.014077
-0.058110,-0.065855
0.052970,-0.062428
0.095691,-0.041174
0.023259,-0.003431
0.007141,0.027116
0.062662,-0.070168
-0.040855,-0.095780
0.084519,0.064943
-0.006832,-0.016361
0.023911,-0.053673
-0.007361,-0.021006
-0.032746,-0.014407
-0.055538,-0.065814
0.029493,-0.068325
-0.070065,-0.010041
0.058173,-0.051369
0.035184,-0.015456
-0.038194,-0.094315
0.074310,-0.076146
-0.064996,0.041235
-0.057401,-0.046021
-0.090939,-0.009459
-0.091936,0.081900
0.067511,0.003412
0.060607,-0.063148
-0.062586,0.048569
0.035137,-0.030145
0.060342,-0.053532
0.030549,-0.015417
-0.002872,0.052508
0.015282,0.094419
0.077262,-0.063869
-0.009439,0.028723
-0.035753,-0.080812
-0.001687,-0.032148
0.030758,0.005822
0.009349,-0.086690
0.075948,0.020731
-0.074006,0.005987
-0.040846,-0.022473
0.032294,-0.029608
-0.086288,0.076599
-0.068181,-0.018820
0.097171,0.054900
0.043199,0.043872
0.084615,0.041567
0.098361,0.031415
0.045719,-0.079033
0.048164,-0.062520
-0.022152,0.086946
0.024799,-0.077092
0.004622,0.017485
-0.014800,-0.015040
-0.058115,0.033486
-0.096675,0.020175
0.011816,-0.092382
-0.044219,0.016260
0.098157,0.016153
-0.006991,0.013329
0.077358,0.063942
0.025102,-0.005105
-0.034607,-0.019342
-0.098019,0.041562
0.077437,-0.085432
0.058182,-0.016939
0.079601,0.093101
0.053431,-0.046209
0.031462,-0.047746
0.057443,0.032328
0.004624,-0.090982
0.002658,-0.029794
0.013366,-0.015153
0.083119,0.068048
0.090469,0.024379
-0.082369,-0.048361
-0.043443,0.091933
-0.058315,-0.014120
0.031123,0.083277
-0.004993,-0.015971
-0.010165,-0.006951
-0.040798,-0.073270
0.000093,0.033302
0.089387,-0.026067
-0.032927,-0.072076
0.024552,0.003976
-0.021983,0.061173
-0.060806,-0.067490
-0.067440,-0.096724
-0.055964,0.071809
0.064294,-0.005318
0.082741,-0.010973
-0.009598,0.096646
0.098693,0.081648
0.009194,-0.054660
0.075094,-0.038435
0.006927,0.026317
0.062506,-0.028631
0.089832,0.099723
-0.082177,0.031553
0.041175,-0.097834
0.034606,-0.010935
0.055683,0.007458
0.059142,0.039526
0.029274,0.022652
0.087554,-0.068591
0.066445,-0.091327
-0.025975,-0.091469
-0.062198,-0.084619
-0.089286,0.012816
0.067841,-0.081888
0.009932,0.061887
0.017603,0.062061
-0.044269,-0.065389
-0.055217,0.094366
0.078044,-0.001000
-0.030985,-0.030304
-0.035876,-0.083552
0.022261,0.040151
-0.032726,-0.099939
0.053605,-0.040644
0.050644,0.002779
-0.087766,-0.037123
0.026989,-0.023126
0.045870,-0.081228
-0.037744,0.076688
-0.036626,0.068760
0.039979,0.015021
-0.044729,0.032096
0.089812,-0.012215
0.011836,-0.021949
-0.064427,0.061121
0.032052,0.022801
-0.096901,-0.001645
0.065291,0.054552
-0.090425,0.072401
-0.069694,0.081901
0.099392,-0.030426
-0.023955,0.031778
0.018993,0.023095
0.036972,0.068610
-0.039922,0.014423
-0.061518,0.045545
-0.044917,-0.065366
-0.067111,0.035625
-0.012128,-0.094072
0.032043,0.079184
0.021266,-0.071682
-0.018245,-0.084456
0.091097,0.086922
-0.018821,0.022534
0.036267,-0.013515
0.019632,-0.090847
-0.055530,0.090107
0.066180,-0.046666
-0.047237,-0.057940
-0.080444,-0.068540
-0.075536,0.007339
-0.072080,-0.092062
0.012156,-0.069734
0.034879,-0.002455
0.082573,-0.024245
0.016968,0.020464
-0.007652,-0.088870
-0.070425,0.004923
0.007715,-0.004881
0.032362,-0.049210
0.095624,-0.000689
0.053306,-0.084032
-0.079998,0.024216
0.051596,0.058641
-0.050987,-0.057106
0.012019,-0.089824
0.018691,-0.012696
-0.067172,0.075140
0.035836,-0.019850
0.071592,0.065907
0.032192,-0.051610
-0.085194,0.051053
-0.030844,-0.059904
0.028205,0.010112
0.050248,-0.034863
0.030543,0.042605
-0.052978,-0.062418
-0.026474,0.060206
-0.017516,0.077940
-0.066601,0.060924
-0.010104,-0.053737
0.024489,-0.002504
-0.078318,0.045027
0.033646,-0.025612
0.037374,-0.095960
0.059440,0.039507
0.077648,0.096221
0.025184,-0.012903
-0.005670,-0.012452
0.002176,0.018328
0.008618,0.026259
0.071035,-0.059631
0.092071,0.090004
0.063575,-0.010708
0.092161,-0.044533
-0.061390,0.032652
0.010409,-0.099821
-0.023392,-0.001102
0.057646,0.043851
-0.001454,-0.028519
0.009821,-0.036184
0.057748,0.083853
0.089887,-0.060913
0.090146,-0.016550
-0.048808,-0.002538
-0.020603,-0.002957
-0.057649,0.038149
-0.009218,-0.086756
-0.061327,0.078080
0.020043,0.019082
-0.015759,0.038538
-0.024805,0.006516
0.098124,-0.075409
0.052151,0.044035
-0.014907,0.017434
-0.000438,-0.078767
-0.054429,0.095805
-0.004268,-0.022844
0.010319,0.017768
-0.054891,0.036367
0.043238,0.064870
0.093251,-0.074678
0.000257,-0.041950
-0.028492,-0.089639
0.042322,0.027187
0.077230,-0.050889
0.086106,0.008360
-0.007142,0.017119
-0.002085,0.069556
-0.050320,-0.045715
0.060787,0.019503
-0.060445,0.076064
-0.067118,-0.049477
-0.033800,0.047281
-0.094572,0.007677
-0.075759,0.025214
0.064981,-0.028228
0.070876,-0.022700
-0.032365,-0.019623
0.010375,0.002949
0.047271,-0.078996
0.000544,0.035262
0.028981,0.080212
0.021681,-0.056541
0.047304,-0.092315
-0.076234,0.053658
-0.035844,-0.051208
-0.036292,0.033490
0.083048,0.014198
-0.015592,-0.001850
-0.057487,-0.027594
-0.039750,0.090515
0.059859,-0.008435
-0.057171,0.081621
0.037084,-0.026711
0.066418,-0.020429
0.095773,0.035423
0.038581,0.029729
0.041864,-0.005087
-0.077069,-0.022510
0.026062,-0.031774
-0.046888,-0.005471
-0.059636,-0.060310
-0.026635,-0.027745
0.041555,-0.027819
-0.090453,0.074029
-0.039461,-0.035665
-0.015133,0.016853
-0.027088,-0.070571
-0.013223,0.000953
0.059658,0.004333
0.017739,-0.072104
0.067505,-0.095323
0.098064,0.057445
0.063126,0.065298
0.052023,0.012006
0.021061,-0.019781
-0.087694,-0.002069
0.026599,-0.040525
0.080727,-0.020671
-0.058328,0.043306
-0.055460,0.019106
0.065585,-0.091391
-0.006661,0.037745
0.030060,-0.016995
0.070917,0.090352
0.064910,-0.048105
0.085596,-0.014981
0.088860,0.008657
-0.013550,-0.037987
-0.041076,0.047725
-0.032371,0.085132
0.011403,-0.035865
-0.090763,-0.039177
-0.006772,-0.042097
0.063883,0.008815
0.048726,-0.083673
0.006020,-0.064823
-0.015577,0.001780
-0.057443,-0.034803
-0.088867,0.031493
0.061585,-0.020878
-0.033904,0.067021
0.097773,0.086046
0.078317,0.000151
-0.047441,-0.011518
0.037881,0.045112
0.084408,-0.017547
0.072268,0.013754
-0.032439,-0.040966
-0.066067,-0.052785
-0.026253,-0.002684
0.086030,-0.024601
0.067804,-0.007151
-0.067142,0.074319
0.025590,-0.042395
-0.050093,-0.075370
0.042771,-0.079778
0.017780,0.053538
0.028503,-0.055899
0.087610,-0.059098
-0.007288,-0.077245
-0.007995,0.053540
-0.073728,0.048057
0.023484,0.098280
-0.050686,0.018796
0.060442,0.020350
0.006436,0.066670
-0.096500,-0.027943
0.076453,0.007679
-0.059299,0.081170
0.033979,0.009024
-0.032477,0.026801
0.009987,-0.056178
-0.083650,-0.028310
0.021724,-0.041075
-0.057998,0.074677
-0.033022,-0.015173
0.052855,-0.072797
-0.000482,-0.071725
-0.022948,0.081318
-0.009584,0.056202
0.068033,0.046448
0.037521,-0.008873
-0.061413,-0.043608
-0.094452,-0.057488
-0.079961,-0.015978
0.031816,0.009421
-0.050996,0.060914
-0.034252,-0.027940
-0.061794,-0.031113
-0.031439,0.048934
-0.027936,-0.009212
0.022384,-0.011255
0.090605,0.095498
0.035384,-0.078637
0.045918,-0.037262
0.081764,0.013027
0.034043,-0.026811
-0.019193,-0.079935
0.097307,0.063831
0.002141,0.034691
-0.009461,0.061940
0.055992,-0.051316
-0.039340,-0.015443
0.006537,-0.025297
-0.005570,0.035933
-0.096094,-0.038577
0.045547,-0.089382
-0.083752,0.093263
0.047763,0.052969
-0.042156,0.081567
0.013759,0.018319
0.074404,-0.028273
-0.021637,-0.049201
0.083860,0.071787
-0.039253,0.092009
0.065819,-0.080075
0.080657,0.052830
-0.046010,-0.035987
0.081521,-0.049179
0.089385,-0.050438
0.062801,-0.066995
0.008631,0.017730
0.022805,0.008509
0.093419,0.000099
-0.004834,0.091025
0.067011,0.049728
0.086894,-0.058837
-0.051696,-0.053739
0.048839,-0.045335
0.024274,0.060958
0.037145,0.026480
0.038959,0.023857
0.022470,-0.013501
0.047338,-0.033413
0.078225,-0.019410
-0.040652,-0.034537
-0.029762,-0.020040
0.054193,-0.030539
0.024987,-0.097449
0.075342,0.029945
0.050434,-0.034426
0.031937,-0.058440
0.075572,-0.046502
0.007350,-0.012614
-0.025880,0.059424
-0.073021,0.028378
0.056595,0.074746
-0.072264,-0.036978
-0.055912,-0.043420
0.019294,-0.037494
-0.019905,0.046462
0.083591,0.032228
0.079293,0.017059
0.083546,0.079011
0.061932,0.095698
-0.096960,-0.042855
-0.029243,0.002313
0.002260,0.069763
0.051919,0.014828
-0.029153,0.002394
0.068991,-0.017006
0.040638,-0.018327
0.090080,-0.036251
-0.048645,-0.046597
0.029464,-0.019091
0.067924,-0.005920
-0.063988,-0.056636
0.074449,0.012754
0.087503,0.016715
0.079281,-0.007639
0.070503,0.035162
-0.012327,-0.076752
0.050722,-0.049534
0.016054,-0.012086
0.073927,0.003640
0.093424,0.086255
0.018783,-0.089936
0.030731,0.014857
-0.017271,-0.089204
0.014049,-0.016413
0.030256,0.072429
0.035478,-0.007114
-0.011782,0.055052
-0.078722,0.021639
-0.023480,0.084667
0.094385,0.039123
-0.018753,0.049013
0.096907,-0.052387
-0.004970,0.023758
-0.051107,0.039147
-0.083890,0.020251
-0.092546,-0.046590
-0.018377,0.057426
0.003307,0.010914
-0.048844,0.055007
-0.008499,-0.097635
0.078264,0.007390
0.021368,-0.071157
-0.077758,0.097736
-0.021407,-0.047463
0.004460,-0.033176
0.016325,-0.029153
-0.085036,-0.088957
-0.070439,0.076490
0.058831,-0.099977
0.014836,0.023399
-0.098062,-0.040299
0.043497,0.006622
-0.068741,0.060790
0.085561,0.086346
-0.088694,-0.055910
-0.020091,-0.022882
-0.064318,-0.047957
0.092859,0.095792
-0.046053,0.059322
-0.097333,0.085956
0.032805,0.045990
0.020110,0.034753
0.069641,-0.007899
0.010700,-0.015052
-0.052366,0.089435
-0.019039,0.016405
-0.038692,-0.066147
0.035163,-0.014885
0.000371,0.018572
0.030939,0.025425
-0.066824,-0.027589
0.037724,-0.035507
-0.089019,-0.048617
0.025210,0.040465
0.024144,-0.014225
-0.042035,-0.060506
0.068777,-0.091692
0.028135,-0.037757
-0.050496,-0.041698
-0.061062,0.019421
0.003049,-0.032672
-0.054156,-0.020174
0.070952,0.027649
0.015880,0.068758
-0.000931,-0.014845
0.003166,-0.050663
-0.094168,-0.032806
-0.097633,-0.055017
0.084679,-0.032496
0.007070,-0.048592
0.056919,0.007843
0.073715,-0.050415
0.079434,-0.012686
0.014158,-0.013885
0.088721,0.073305
-0.079117,0.043975
0.074818,-0.001898
0.093374,0.024717
0.031101,0.000878
0.023587,0.036839
-0.050055,0.023527
0.059369,-0.066296
0.041942,0.065219
0.050857,-0.080271
0.082441,-0.098577
0.084095,-0.069299
0.064421,0.054487
0.080115,-0.039849
0.024305,0.041151
0.093706,-0.037501
0.097615,0.013502
0.002408,-0.048398
0.006292,0.020255
0.021843,-0.028522
0.052558,0.026632
-0.066164,-0.046881
-0.087987,0.025051
0.081831,-0.040280
-0.088213,0.052930
-0.000017,0.013778
-0.002465,-0.079429
-0.057784,-0.055069
0.060279,0.075093
0.057331,0.026893
0.083025,-0.045985
0.016493,-0.032958
0.020242,-0.043791
-0.048434,-0.012427
0.046606,-0.058404
-0.045636,-0.063479
0.037296,0.047252
0.099075,0.048647
0.000209,0.008547
0.059700,0.027679
-0.071493,-0.064749
0.092778,0.016833
0.024005,0.000069
0.098198,0.078637
-0.046002,-0.010625
-0.059770,-0.077370
-0.059726,0.056088
0.095185,-0.028847
0.079223,0.040513
-0.034859,0.080735
0.053586,0.010118
-0.012772,-0.034088
-0.032396,0.045208
0.091920,-0.042601
-0.099908,0.085422
-0.008086,-0.060634
-0.088244,0.031987
-0.008469,-0.077230
-0.080201,0.072869
-0.092890,0.028230
0.054300,0.038974
0.033871,-0.028875
0.044604,0.070578
0.034996,0.072514
-0.048881,0.080350
-0.016610,-0.003433
-0.018906,-0.041297
0.023269,0.076784
0.034532,-0.098177
-0.061665,-0.083221
0.094985,-0.036529
-0.057773,-0.002807
-0.014319,-0.064395
-0.021272,0.016708
0.003742,-0.039263
-0.039558,-0.077314
-0.091979,0.053766
0.045716,0.062079
0.025270,0.089741
0.033915,-0.044521
0.021451,-0.031478
-0.012082,0.038534
0.070100,0.045297
0.017665,0.075833
0.016427,0.065395
-0.091091,-0.008908
-0.010429,0.091638
0.005024,0.012778
0.097509,-0.066350
0.051874,0.042209
0.026830,0.016095
-0.064164,0.021305
0.051680,0.050115
-0.023331,-0.038613
-0.017687,-0.072604
-0.049042,-0.054203
0.084569,0.074270
-0.017071,-0.091171
-0.047057,0.096659
-0.063850,0.023640
-0.034110,-0.019865
-0.031729,-0.075194
0.009183,0.066669
0.030274,-0.094997
0.020408,-0.005793
0.027284,-0.023110
0.054849,0.007250
0.065595,0.067217
-0.007105,-0.065977
0.041126,0.054516
0.052408,-0.055802
0.052674,-0.020784
0.089475,-0.086688
-0.028196,-0.084562
-0.016802,-0.026405
0.048545,-0.087061
0.010184,-0.016564
0.085214,-0.053405
0.051047,0.013250
-0.052358,0.022429
-0.028795,0.098880
0.033501,-0.098885
0.064013,0.071961
-0.069872,-0.051579
0.075718,-0.041603
0.002253,-0.056902
-0.015116,-0.024129
-0.039018,-0.059482
0.024589,-0.052451
0.020755,0.029830
-0.014902,-0.016132
-0.037646,-0.031880
-0.034365,-0.023239
0.010101,-0.053821
0.086551,-0.009669
-0.074304,0.005492
0.031430,0.046064
-0.085896,-0.003453
0.012511,0.072963
0.047938,-0.009447
0.099264,-0.077872
0.002989,-0.086800
-0.066901,-0.018970
0.064885,-0.000789
-0.001263,-0.097480
0.027795,-0.060984
-0.096909,-0.070583
0.087170,0.092914
0.034548,-0.004042
-0.087814,-0.089023
0.000690,-0.069481
-0.089257,-0.021729
-0.027885,-0.047083
-0.070241,-0.062672
0.010282,-0.058091
0.014099,0.067248
0.016820,0.052654
-0.025782,-0.095719
-0.062889,-0.015345
0.035407,0.043050
-0.008801,0.038920
0.021941,-0.082403
0.075646,-0.026776
-0.091427,0.008906
0.083544,0.009126
0.082437,0.006710
0.012856,0.039368
0.006094,-0.010485
0.015794,0.002986
0.019678,0.070392
0.059999,-0.056854
0.009996,-0.041547
0.004219,-0.019045
0.022323,0.065589
0.061281,0.061206
0.063437,-0.074159
0.075545,0.041910
-0.021900,-0.092336
-0.041070,-0.074547
0.061989,0.003976
0.064682,-0.062507
-0.020000,-0.092903
0.005498,0.099653
0.000308,0.045399
0.081109,-0.040749
-0.099829,-0.051941
-0.023992,-0.078206
0.077187,-0.077765
-0.037517,0.071034
0.019377,0.005577
0.010365,0.036678
0.060328,-0.051872
-0.030103,0.010528
0.012958,-0.028429
-0.072076,-0.009988
0.018959,-0.045305
-0.084455,-0.038797
0.009913,-0.021302
0.091836,0.038478
0.068003,0.025097
0.037684,-0.001205
0.088998,-0.094999
-0.060248,0.096183
0.002871,0.068480
0.048250,-0.096848
0.051472,0.028993
0.078698,-0.054738
-0.045282,0.085133
-0.006772,0.010647
0.053378,-0.019172
-0.039328,0.021163
-0.048320,-0.041384
0.033740,-0.002807
0.063402,0.044835
0.007214,-0.041420
-0.024148,-0.016369
-0.014545,0.008748
-0.076401,0.057303
0.033940,0.010469
0.045970,0.026191
-0.000405,0.064077
0.025527,-0.040392
0.083468,-0.005908
0.013203,0.074274
0.043967,-0.099444
-0.038238,-0.055667
0.018025,-0.046175
0.065328,-0.023180
-0.002578,0.072707
-0.095436,-0.098660
-0.091169,0.017893
-0.082579,0.055378
-0.012062,-0.043906
0.085082,0.049178
-0.034370,-0.096380
-0.066755,-0.043887
-0.048843,0.047521
-0.030030,-0.043010
-0.034763,0.038605
0.056006,0.007781
0.042044,0.015831
-0.019287,-0.025675
0.094504,-0.040012
-0.036678,-0.067019
0.078440,-0.039893
-0.042088,-0.079979
0.074532,0.071578
-0.061889,0.043922
0.008127,-0.013183
0.089302,-0.025758
0.012206,-0.006198
0.027668,0.028090
0.008078,0.058513
-0.022088,0.049763
-0.018362,-0.083781
0.019609,0.030108
-0.053019,0.095996
0.061614,-0.050094
-0.003914,-0.075543
-0.013415,0.008458
0.001972,0.040018
-0.019003,0.015998
-0.006743,0.006310
-0.034007,0.045073
0.085769,-0.061563
-0.038410,0.089694
-0.012061,-0.019205
-0.064808,-0.095303
0.066683,-0.026349
-0.066469,-0.072177
-0.032784,0.002557
0.015363,-0.012674
0.001801,0.006944
0.049849,-0.040483
0.027770,0.017601
0.083846,0.057477
0.058041,-0.008604
-0.017486,-0.017067
0.008866,0.021628
-0.070931,0.047298
0.022254,0.036257
0.073771,-0.034163
0.011823,0.000409
0.049734,0.069819
-0.002752,0.070427
-0.051004,-0.073977
0.091053,-0.039315
0.091200,-0.026897
0.037554,-0.014623
-0.020697,0.011447
-0.029009,0.052025
0.083396,-0.006948
-0.007531,-0.069383
0.004405,0.091669
0.047390,-0.066173
0.008706,0.027573
0.061029,-0.078168
-0.020048,-0.073035
0.086193,-0.064598
0.052424,0.074829
0.018015,-0.056641
0.045066,0.047043
-0.021410,0.081179
-0.035316,0.024988
0.002530,0.065006
0.019177,0.070069
0.038747,0.069203
0.030770,-0.048747
0.059885,-0.068646
0.039556,-0.005010
-0.076517,-0.012675
0.042446,-0.047621
0.046554,0.041823
-0.066460,-0.002555
-0.006889,-0.005364
-0.009948,-0.033957
0.007685,-0.088040
-0.039243,0.014161
-0.054941,0.033346
0.029358,0.022755
-0.013197,-0.004398
0.045050,0.056165
-0.019419,0.001364
0.013422,0.021826
-0.022591,-0.047333
-0.071396,-0.058258
0.027362,-0.006365
0.077184,0.038373
-0.030987,-0.033265
0.043717,-0.060294
-0.006256,0.027271
0.040289,0.022160
-0.006889,-0.037952
0.058426,0.007270
-0.009580,0.079929
0.090526,0.046651
-0.050234,0.018104
0.092403,0.074108
-0.009473,0.082352
-0.016748,-0.056938
0.032269,-0.048273
0.094807,-0.034220
0.070786,0.057856
0.024878,0.060064
0.076151,-0.045124
-0.018494,0.084881
0.004035,-0.000082
-0.031596,-0.060050
0.002761,-0.042713
-0.009871,0.050701
-0.006152,-0.009078
-0.021993,-0.093397
-0.021327,0.072001
-0.040284,-0.019431
0.028231,-0.098285
0.071309,-0.006190
-0.056430,-0.081314
0.091731,-0.005688
-0.061739,0.043627
0.022168,0.041332
0.018104,0.034124
-0.029683,0.014859
-0.018120,0.063461
0.000900,0.070742
0.025699,-0.009146
-0.057931,0.022920
0.052772,0.024464
-0.008186,-0.045437
0.073099,-0.077712
-0.045515,0.002033
0.060968,-0.031979
-0.013338,0.086078
-0.000562,0.017571
-0.009025,0.056715
0.091785,0.065069
0.065022,-0.010013
-0.009652,0.027455
0.046705,0.004233
0.004004,-0.009299
0.037379,0.098872
0.039362,0.026689
0.069582,0.080008
0.018915,-0.066024
-0.010196,-0.076399
0.057605,0.023798
0.006084,-0.044307
0.016088,0.084261
-0.024342,0.007366
-0.063105,-0.097347
0.068685,0.026912
0.087022,0.028942
-0.045310,-0.093453
-0.014409,-0.092805
0.030618,-0.036802
-0.030541,-0.059180
0.060498,-0.085690
0.055417,0.045915
0.036949,-0.015230
-0.053338,0.053195
-0.035815,0.071276
-0.029159,-0.061194
0.039751,-0.087715
-0.089658,0.068165
-0.033626,-0.022595
-0.011594,-0.025854
0.022814,0.035657
0.036785,0.064546
0.034397,0.088488
0.097272,-0.048224
-0.038719,0.022458
0.060771,0.068669
0.053858,-0.057737
-0.097607,0.019608
0.067424,0.001375
0.011905,-0.046194
0.009189,0.071379
0.049128,-0.035822
0.007900,0.005114
0.058787,-0.089009
0.080913,0.090170
0.032818,0.079408
-0.065366,-0.003857
0.097980,-0.076695
0.056371,0.061723
-0.045052,-0.029518
0.076877,-0.000775
0.002887,0.014720
0.088434,-0.080925
-0.094482,0.020995
0.044110,-0.069472
0.012577,-0.012007
-0.085393,0.022831
-0.079418,-0.046193
-0.019676,0.037927
-0.074926,0.082101
0.008094,0.060162
0.053817,0.052782
-0.023758,0.036256
-0.065978,-0.095256
-0.024370,-0.003532
-0.028861,-0.008708
0.093377,0.096917
0.030626,-0.038757
0.003271,0.049173
0.043258,-0.020213
0.081591,-0.046292
0.086144,0.070956
0.036387,-0.070601
-0.085249,0.092651
0.074862,0.019202
0.057831,-0.036374
-0.013867,0.059948
0.073742,0.088650
-0.067099,-0.010927
-0.013641,-0.068859
0.098186,-0.018283
0.015133,-0.029238
0.081427,0.070923
-0.095041,-0.095582
0.022571,-0.006794
0.042684,0.002061
-0.076393,-0.000508
-0.084869,0.012283
0.008823,-0.065235
0.008135,0.003717
0.096081,0.071390
-0.061822,-0.011898
-0.068920,-0.083079
0.001288,0.039715
-0.064468,0.087782
-0.015197,0.086620
0.058007,-0.021213
-0.017059,-0.011945
0.041193,-0.099250
-0.099453,-0.084324
-0.011076,0.062769
0.006793,-0.042619
0.047247,0.080066
0.049986,-0.033442
0.025786,0.008335
-0.063597,-0.026056
0.054660,-0.031571
-0.014676,0.051289
0.069295,-0.091064
-0.043624,0.053777
-0.019108,-0.093457
-0.043264,0.023398
0.021530,-0.090274
-0.095472,-0.094286
-0.042666,0.055924
0.072145,-0.007857
-0.033560,0.083573
0.084096,-0.009967
-0.004329,-0.006391
0.068018,0.055575
0.069438,-0.018273
-0.027883,-0.050860
-0.046858,0.084541
-0.018771,-0.015213
0.002094,-0.066152
-0.023171,-0.072360
-0.095410,-0.024351
-0.058815,-0.064671
-0.058589,-0.014779
0.096838,0.005399
-0.049217,0.082092
-0.013170,-0.076261
-0.066988,-0.034008
-0.073885,-0.068534
0.026166,0.025863
-0.087381,0.010829
-0.001285,-0.069324
-0.015003,-0.044610
0.015582,-0.040619
-0.038607,-0.073121
0.097906,-0.088089
-0.006793,-0.016000
-0.017470,-0.044491
0.041857,-0.004445
-0.072969,-0.039302
-0.059240,-0.085473
-0.080718,-0.056886
0.063049,0.031303
0.000485,-0.016952
0.072507,-0.099454
-0.037592,-0.082735
0.081704,0.024553
0.026349,0.076926
0.036274,0.078408
-0.002025,-0.034646
0.032749,-0.039210
-0.079051,0.054385
-0.001669,0.050575
0.054046,-0.075309
-0.012656,-0.047296
-0.006230,0.007720
-0.032591,0.064631
-0.054106,-0.084570
-0.051960,-0.089633
0.050840,0.008702
0.032100,0.040679
-0.030437,0.100000
0.045410,0.010764
-0.063500,0.040212
-0.003180,-0.032865
-0.019468,0.052081
0.096656,0.080439
0.082611,-0.023002
0.083133,-0.057264
-0.026673,0.082235
0.035499,0.080351
0.072673,0.035697
-0.003218,-0.062986
0.008305,-0.070496
-0.042357,0.068963
0.007760,0.022765
0.012947,0.060352
0.013278,-0.067106
0.017024,0.088679
-0.003631,-0.024630
0.012489,-0.067859
0.009826,-0.082531
0.075797,-0.022543
-0.064466,-0.025911
-0.034444,-0.023724
0.046023,-0.044251
-0.037196,-0.078083
0.085083,-0.030619
0.062065,0.082876
-0.026772,-0.076292
0.044517,-0.043999
0.021057,-0.059116
-0.080641,0.007407
0.076348,0.033414
-0.029934,0.006333
0.065083,-0.056507
-0.055734,-0.098697
0.095494,0.068614
0.016282,0.047432
0.086098,-0.026615
0.073921,-0.015877
0.015586,-0.036058
0.057534,0.062754
0.035617,0.019786
0.078382,0.049880
0.090201,0.052627
0.082357,-0.014152
0.094355,-0.008091
-0.063222,-0.046711
0.068594,0.013466
-0.044487,0.076403
0.073849,-0.036654
0.074084,0.044981
0.090445,-0.057574
-0.017847,-0.058332
-0.075061,-0.065951
-0.028923,0.001717
-0.009885,0.003734
-0.091708,-0.062219
0.034464,-0.039888
0.024138,-0.017964
-0.062502,-0.056352
-0.000534,0.004054
-0.074086,-0.035094
0.027370,0.007287
-0.025016,-0.030053
-0.015346,-0.080938
0.077128,0.001252
-0.022040,0.058118
-0.091608,0.038773
0.060021,-0.041298
0.090128,0.060325
-0.029861,0.065212
0.048933,0.009201
0.097960,-0.052464
0.095344,0.009736
0.043385,0.030661
0.024475,0.030711
-0.086780,0.006723
0.027448,0.015178
0.092408,-0.040770
0.029954,-0.018500
0.047018,0.001095
0.032995,-0.047677
-0.017230,-0.020395
0.008517,0.098942
0.014068,-0.045698
0.027046,0.018577
0.089871,0.089712
-0.066890,0.024625
0.039309,0.067906
-0.025680,-0.078897
0.068227,-0.097365
0.033416,-0.002451
-0.056499,0.079522
0.031982,0.002374
0.060618,0.027104
0.008100,-0.005395
0.025943,0.090617
0.086828,0.045495
-0.062423,-0.068666
0.025919,0.075445
0.022443,-0.098626
0.033263,-0.033748
-0.083820,0.051649
0.037701,-0.060655
-0.051032,-0.011372
0.010899,0.074115
0.073769,-0.035606
0.043192,0.073094
0.062090,-0.055452
0.045996,-0.030750
-0.020919,-0.067587
0.064757,-0.031019
0.033250,-0.056154
0.026889,-0.078796
0.006829,-0.020654
-0.020202,-0.057728
-0.093469,0.037408
0.001812,0.097746
0.025534,-0.038502
-0.069079,-0.054789
-0.034389,-0.002917
-0.082312,-0.003390
0.097983,-0.061075
-0.077314,0.088607
-0.000166,0.092970
0.036045,-0.008632
0.073916,0.065355
0.082896,-0.048195
0.022173,-0.055078
-0.063720,-0.024808
-0.016833,-0.098545
0.099813,0.048266
0.056683,-0.011073
0.093878,0.053984
-0.027836,-0.034433
0.093619,0.049726
-0.070002,0.076566
-0.089975,-0.089763
-0.048109,-0.077486
0.004473,-0.026309
0.077183,0.096055
0.022320,0.078841
-0.066493,-0.089653
-0.002811,0.035758
-0.071344,-0.014866
-0.017968,0.064031
-0.003482,-0.062221
0.098842,0.016885
-0.020517,-0.003176
0.086769,-0.044749
-0.085454,0.076416
-0.059794,-0.061639
-0.033287,-0.076808
-0.085574,0.055057
0.056660,0.051413
-0.057516,-0.038335
-0.039441,-0.077822
0.072119,0.054955
0.048735,0.018773
0.055960,-0.006429
-0.031452,-0.075758
0.067369,-0.046776
-0.017150,-0.054690
0.070404,0.028051
0.066605,0.040244
0.047350,-0.091538
0.064188,0.010609
-0.079306,0.023901
0.071361,0.017168
0.031341,-0.010040
-0.038997,-0.095201
-0.036168,-0.004619
-0.021442,0.013279
-0.086808,0.084616
-0.075909,0.024031
0.039699,0.004115
-0.058141,-0.012126
0.018515,0.092257
0.013583,0.027085
-0.018399,0.007190
0.016396,0.045354
0.085561,0.027903
-0.009742,-0.054116
0.046130,-0.018374
-0.024730,-0.061814
0.029058,-0.053375
0.076935,0.036570
0.078972,-0.033681
0.010449,0.092151
0.029801,0.083359
-0.046706,-0.032836
0.081752,-0.047643
-0.050022,0.017327
-0.063642,-0.058456
-0.005991,-0.050282
0.051763,-0.029479
0.080102,-0.043585
-0.021437,-0.096708
0.047870,0.001144
0.001534,0.028285
-0.039654,0.003498
0.035029,0.073315
-0.062874,-0.074715
-0.064117,-0.038545
0.016993,0.009117
0.020871,0.079245
0.044012,-0.007463
-0.028722,-0.009123
-0.050354,-0.079112
0.086765,-0.068279
0.077443,0.074291
0.065676,-0.011383
0.030082,0.056960
0.040070,0.039313
0.027105,0.086582
0.033652,-0.092407
-0.009895,0.097883
-0.098382,-0.034751
-0.017109,0.059777
0.096297,0.011080
0.082964,0.083035
0.061178,-0.058607
0.074331,-0.043278
0.055518,-0.034513
0.064983,0.012534
-0.028767,-0.006165
-0.066954,-0.045476
0.039994,-0.082430
-0.026033,0.049405
0.045004,-0.029126
0.062092,-0.081609
0.084750,0.024046
0.024866,-0.076615
0.020499,-0.008547
0.095549,-0.066128
-0.038048,0.034550
-0.020121,-0.097295
-0.050468,-0.071331
0.063062,0.056401
0.030737,0.079185
-0.048594,-0.065414
-0.017098,-0.021935
-0.031651,0.077983
-0.030938,-0.007141
-0.018194,-0.023844
-0.095326,-0.046343
0.044809,-0.066713
-0.047743,0.040256
0.068895,-0.057068
0.088964,0.097475
0.041881,-0.048637
0.053830,-0.054421
-0.005810,0.062187
-0.058161,0.068835
-0.094781,-0.008384
0.086402,-0.064837
0.081570,0.070249
-0.010769,0.050509
-0.056474,0.045052
0.033090,0.069624
0.009352,0.065304
-0.006742,-0.012481
0.008538,-0.057638
0.055820,0.002797
-0.024595,-0.056749
0.034112,0.010853
0.036895,0.053907
-0.056235,-0.053032
0.021280,-0.029865
-0.049890,0.038248
-0.077583,-0.020699
-0.026416,0.028264
0.091669,0.017550
0.013916,0.045994
0.011393,0.083934
-0.037544,-0.026270
-0.063974,0.099582
-0.006123,-0.059648
-0.091252,-0.075838
-0.004400,0.050138
-0.004576,0.008196
0.006125,-0.023887
0.074221,0.093471
-0.073255,0.061859
0.044926,0.014415
-0.038293,0.052333
0.097386,0.019786
0.015784,0.075930
-0.082091,0.026402
-0.005120,-0.017097
-0.079222,0.049311
-0.096585,-0.044354
0.055821,0.046635
0.084515,0.082085
-0.038217,0.024073
-0.066018,0.009991
0.074786,0.050743
-0.079857,0.032236
-0.009101,-0.014140
-0.009248,0.094267
0.008727,-0.098740
0.014642,0.077015
0.003268,-0.009119
-0.062306,-0.006905
0.032664,-0.052121
0.001690,0.086358
0.093560,0.098260
-0.037097,-0.066252
-0.063975,-0.009871
0.028760,0.053248
0.045295,-0.013284
-0.042123,0.007444
-0.023936,0.082130
0.047157,0.063364
0.095478,-0.030960
-0.057389,0.076060
-0.032232,0.059613
-0.056684,0.065432
0.082099,0.042618
0.028388,0.037395
0.010673,-0.009600
-0.011632,-0.085673
-0.004954,0.029048
0.078037,-0.050722
0.011843,-0.001524
-0.023051,0.013138
-0.001696,0.042774
0.043209,-0.013378
0.029777,0.005450
-0.056569,0.006789
-0.082314,0.004241
0.010967,0.052373
-0.004334,0.053539
-0.091456,0.024650
-0.018196,-0.065587
-0.046999,-0.009793
0.003474,-0.090946
-0.040868,-0.059715
0.076515,-0.053008
-0.009013,-0.071364
0.010523,0.063579
0.080285,-0.074922
0.066969,0.004285
0.062024,0.039383
-0.045815,-0.040255
-0.040171,0.067056
-0.063524,-0.037203
0.081104,-0.047817
-0.069178,0.066321
0.031239,-0.048963
0.020795,0.054158
-0.068670,0.019120
0.031594,0.071836
-0.028462,-0.024371
0.050483,-0.016493
0.024673,0.005390
-0.028410,0.042695
0.006716,-0.075353
0.023448,-0.023688
-0.002929,-0.067781
0.039658,0.002553
0.041042,-0.019025
-0.074079,-0.087006
0.006124,0.093385
0.041843,0.061389
0.026012,0.082714
-0.031439,0.010680
0.091542,0.043852
0.031279,0.008803
0.005756,-0.033004
-0.014243,-0.070492
0.002830,-0.008075
0.065813,0.061014
-0.089432,-0.090603
-0.013810,-0.086642
-0.080711,-0.083321
0.054156,0.060433
0.009564,0.039997
0.023759,0.065498
-0.019654,0.041892
0.072570,-0.043052
-0.086986,0.003480
0.002191,0.097310
0.069692,0.047504
0.074615,-0.063949
0.091922,0.010444
0.018223,-0.002346
-0.061468,0.003076
0.063591,0.075862
0.079889,0.044927
-0.067506,0.068226
0.021710,0.064773
0.065136,0.025069
0.097157,0.093151
0.057545,-0.071623
-0.016552,0.027150
-0.048697,0.052160
0.083890,-0.056227
-0.012219,-0.049673
-0.022802,-0.091560
-0.020237,-0.037471
-0.006262,-0.061276
0.008746,-0.020647
-0.013068,-0.006847
0.081594,-0.009840
0.017925,-0.065523
-0.047983,0.005737
0.017725,-0.008102
0.022821,-0.032464
-0.046219,-0.094381
0.078959,0.025980
0.028928,0.091262
0.043977,0.057687
-0.042446,-0.004418
0.049540,-0.040288
-0.077517,-0.053075
0.044587,0.009842
0.076583,0.028938
0.083627,-0.066436
-0.046868,0.082161
0.063586,-0.064637
-0.070160,-0.076797
0.078876,0.051265
0.021596,-0.054533
-0.000569,-0.077458
0.035449,0.097761
0.036101,-0.003395
0.069045,0.085472
0.059682,-0.001054
0.081279,0.026899
0.015432,0.094169
0.059117,0.002694
-0.019509,-0.064047
-0.065502,-0.042471
-0.043170,0.043098
-0.041936,0.023508
0.083485,0.086881
-0.019092,0.099764
0.004995,-0.006499
0.077458,-0.078347
-0.037700,-0.055406
0.025019,0.072680
0.073971,-0.050341
-0.038037,0.020805
0.047864,-0.088103
0.063238,-0.056089
-0.053479,-0.026421
-0.026490,-0.051876
0.036978,-0.029761
0.085955,0.074408
0.025732,-0.049005
-0.040423,-0.036922
0.078964,0.026349
0.070776,0.050374
-0.080389,0.085009
0.061923,-0.086737
0.057704,0.058286
-0.021302,0.003881
0.080190,0.053132
0.039720,0.031246
0.031971,0.030054
-0.052877,0.002408
-0.040086,0.034909
0.029404,0.047559
-0.038336,0.061393
0.000569,-0.004124
0.023256,0.028624
0.097150,-0.062689
-0.041388,0.070133
0.048081,0.021210
-0.011510,-0.091859
-0.065529,-0.056069
0.017204,-0.045856
-0.040241,-0.093233
-0.051744,0.087124
0.026748,0.005666
0.028971,-0.036389
0.053460,-0.078955
0.003380,-0.018938
-0.004980,0.061424
-0.053552,-0.033102
-0.005486,-0.040549
-0.076217,-0.046832
0.066094,-0.053899
0.010592,0.032815
0.042939,-0.051389
0.056546,0.079477
0.006892,0.009682
0.021850,-0.092223
-0.026770,-0.022709
0.098969,-0.007686
0.009035,-0.016803
0.003517,-0.059420
0.074637,0.063760
0.045017,0.011056
-0.031211,-0.069670
-0.056630,-0.001568
-0.061523,-0.033881
0.014624,-0.026495
0.060551,-0.026210
0.091677,-0.070244
0.048693,0.002266
-0.040053,0.080837
-0.010915,-0.008848
0.062818,-0.056684
0.023943,-0.049587
0.070070,-0.068661
0.065412,-0.041114
-0.031179,0.063588
0.094326,-0.023177
-0.090318,-0.066630
-0.018373,-0.091062
0.020496,0.009574
-0.062583,0.087996
-0.019307,0.005581
0.004440,0.016124
0.093453,0.085560
0.000841,-0.095041
-0.022033,0.086861
0.026582,-0.081934
0.091859,-0.033573
-0.040388,-0.025503
-0.054912,-0.020473
0.092206,0.012743
0.094952,0.041908
-0.055660,0.018814
0.061688,0.018932
0.054597,-0.047033
0.068637,0.072780
-0.046173,-0.081536
0.035246,0.016275
-0.094619,-0.092070
0.043214,-0.051893
-0.011292,0.052968
0.047899,-0.010197
-0.066130,-0.016879
-0.068660,0.043258
-0.065982,0.083515
0.019825,-0.082458
0.097054,0.044110
0.079938,-0.034670
0.049887,-0.002834
0.021486,0.067126
0.026851,0.086110
0.004770,0.027770
-0.069156,-0.033795
-0.024131,-0.056421
-0.049742,-0.025795
-0.085673,-0.042424
0.063854,0.068073
-0.093332,0.038807
0.062183,-0.089123
0.082652,0.082243
0.061055,-0.012144
-0.004906,0.088421
0.050273,0.087298
0.061420,-0.067044
-0.096239,0.033448
-0.042725,0.080190
-0.007293,-0.041623
0.054369,-0.017884
-0.026032,0.009168
-0.088899,-0.087571
-0.010269,-0.011060
-0.063536,0.078289
0.002613,-0.069992
-0.048080,0.034301
0.015792,0.088789
0.034791,0.044280
-0.028137,-0.066478
0.076184,-0.026450
-0.088191,-0.090099
0.004341,0.022607
-0.082540,-0.009176
0.008703,0.029570
-0.090169,-0.042074
0.019424,-0.068934
0.063575,0.075536
0.080274,-0.016837
-0.098115,-0.076205
0.022319,-0.095795
0.040006,0.041062
-0.012375,-0.089033
-0.020610,-0.002641
0.033235,-0.047040
0.040980,-0.091095
0.025367,0.041847
0.063474,-0.052303
-0.073366,0.068141
-0.062858,-0.013554
0.097279,0.069742
0.058672,0.013075
-0.035538,0.010844
-0.007848,0.028490
0.084645,0.072946
-0.038922,-0.083214
-0.091466,0.033064
0.064744,-0.059110
0.065834,0.046844
0.001413,0.069887
0.040820,0.002181
-0.022307,-0.042412
0.056451,-0.016650
0.050039,0.091349
0.009586,-0.018891
0.065155,-0.035392
0.037341,0.047778
0.086024,0.053178
-0.014912,0.060503
0.065489,-0.081680
0.078682,0.035411
-0.073032,-0.002912
-0.095700,0.027006
0.030544,0.089526
0.087117,0.023913
0.076304,-0.011558
-0.036629,-0.061941
0.008960,0.007471
-0.073638,0.044832
0.037810,-0.091912
-0.000098,0.081959
-0.040413,-0.006146
0.079517,-0.016465
0.027736,-0.026886
-0.017167,0.028507
0.082299,0.079026
-0.026625,-0.052978
-0.006207,0.058361
0.040426,0.035452
0.068897,0.038445
0.012314,0.064179
-0.004262,0.043152
0.083797,-0.080694
0.082077,-0.092615
0.047728,-0.091736
-0.054254,0.061612
0.053019,0.014689
0.005391,-0.003581
-0.043572,-0.023082
-0.011289,-0.011175
-0.006087,0.084075
-0.014524,0.028307
0.016799,-0.055291
-0.003447,0.010656
0.068242,-0.080473
0.075125,-0.022315
0.098516,0.096904
0.050300,0.019003
0.039957,-0.015228
0.010134,-0.045229
0.008040,-0.000957
0.038774,0.029912
-0.056067,0.001313
-0.008400,-0.052928
0.094945,0.053463
0.067349,0.012143
0.083080,0.018729
-0.051487,-0.034819
-0.094713,0.069333
-0.032979,0.051823
-0.014608,-0.077944
-0.009579,0.028903
0.031514,-0.086549
0.070556,-0.047608
-0.014184,-0.019445
-0.092373,0.083203
-0.054430,0.051525
0.063525,-0.020644
0.032219,-0.097317
-0.076803,-0.029621
